32
0 1438 1398 1613 1246 1199 1171 1302 1083 1135 1299 1509 1263 1354 1445 1380 1990 1678 2019 1163 1377 1169 1214 1358 1375 1211 1160 1769 1285 1787 1096 1578 
1438 0 1617 1595 1379 2020 1707 1884 1226 1388 1392 1910 1516 1474 1601 1973 1554 1826 1723 1386 1310 1734 1046 1755 1720 2016 1482 1773 1772 1024 1517 1312 
1398 1617 0 1823 1909 1708 1940 1443 1528 1172 1504 1419 1490 1590 1885 1957 1461 2010 1828 1147 1056 1128 1520 1430 1473 1839 1260 1028 1682 1637 1810 1257 
1613 1595 1823 0 1370 1116 1626 1977 2033 1923 1341 1503 1041 1786 1220 1033 1269 1897 2022 1181 2028 1166 1784 1092 1648 1814 1584 1530 1960 1186 1400 1225 
1246 1379 1909 1370 0 1406 1845 1093 1099 1223 1045 1307 1365 1279 1714 1944 2038 1424 1684 1894 1212 1219 1695 1273 1660 2011 1987 1602 1521 1278 1249 1058 
1199 2020 1708 1116 1406 0 1074 1271 1467 1489 1469 1455 1873 1721 1492 1807 1206 1505 1067 1852 1583 1607 1874 1180 1752 1326 1598 1791 1549 1234 1309 1415 
1171 1707 1940 1626 1845 1074 0 1836 1640 1775 1446 1841 1893 1236 1685 1881 1833 1650 1241 1956 2001 1739 1545 1447 1838 1994 1259 1568 1643 1167 2018 1368 
1302 1884 1443 1977 1093 1271 1836 0 1706 1895 1941 1927 1431 1567 1289 2024 1458 1032 1471 1390 1158 1412 1106 1286 1385 1809 1175 1264 1912 1580 1647 1900 
1083 1226 1528 2033 1099 1467 1640 1706 0 1098 1399 1456 2002 1519 1857 1569 1448 1676 1526 1992 1150 1425 1040 1148 1612 1109 1538 1906 1546 1345 1794 1950 
1135 1388 1172 1923 1223 1489 1775 1895 1098 0 1494 1313 1745 1877 1276 1592 1942 1543 1477 1792 1027 1029 2039 1639 1439 1901 1531 1048 1373 1908 1232 2029 
1299 1392 1504 1341 1045 1469 1446 1941 1399 1494 0 1703 1103 1551 1561 1876 1552 1548 1441 1710 1034 1827 1061 2036 1408 1800 1114 1515 1523 1146 1674 1983 
1509 1910 1419 1503 1307 1455 1841 1927 1456 1313 1703 0 1690 1615 1347 1673 1979 1627 1882 1252 1929 1652 1115 1369 1735 1207 1555 1119 1267 1649 1401 1306 
1263 1516 1490 1041 1365 1873 1893 1431 2002 1745 1103 1690 0 1374 1452 1779 1997 1837 1563 2008 1137 1668 1705 2043 1780 1692 1799 1808 1410 1936 1082 1071 
1354 1474 1590 1786 1279 1721 1236 1567 1519 1877 1551 1615 1374 0 1079 1656 1281 1319 1352 1870 1073 1898 1054 1821 1943 1291 1879 2014 1875 1324 1762 1539 
1445 1601 1885 1220 1714 1492 1685 1289 1857 1276 1561 1347 1452 1079 0 1727 1218 1060 1802 1121 1925 1501 1738 1287 1572 1778 1968 1495 1681 1596 1835 1812 
1380 1973 1957 1033 1944 1807 1881 2024 1569 1592 1876 1673 1779 1656 1727 0 1293 1604 1418 1304 1333 1197 1511 1183 1980 1842 1892 1496 1696 1558 1985 1332 
1990 1554 1461 1269 2038 1206 1833 1458 1448 1942 1552 1979 1997 1281 1218 1293 0 1737 1666 1195 1806 1573 1625 1453 1574 1679 1440 1315 1126 1506 1329 1196 
1678 1826 2010 1897 1424 1505 1650 1032 1676 1543 1548 1627 1837 1319 1060 1604 1737 0 2030 1851 1871 1917 1250 1591 1337 1586 1513 1610 1457 1194 1165 1991 
2019 1723 1828 2022 1684 1067 1241 1471 1526 1477 1441 1882 1563 1352 1802 1418 1666 2030 0 1044 1959 2045 1076 1472 1986 1068 1335 1283 1742 1397 1316 1173 
1163 1386 1147 1181 1894 1852 1956 1390 1992 1792 1710 1252 2008 1870 1121 1304 1195 1851 1044 0 1089 1251 1203 1522 1655 1582 1239 1201 1247 1491 1924 1585 
1377 1310 1056 2028 1212 1583 2001 1158 1150 1027 1034 1929 1137 1073 1925 1333 1806 1871 1959 1089 0 1483 1861 1202 1729 1888 1484 1922 1830 1420 1142 1097 
1169 1734 1128 1166 1219 1607 1739 1412 1425 1029 1827 1652 1668 1898 1501 1197 1573 1917 2045 1251 1483 0 1646 1254 1931 1687 1320 1529 1164 1746 1722 1817 
1214 1046 1520 1784 1695 1874 1545 1106 1040 2039 1061 1115 1705 1054 1738 1511 1625 1250 1076 1203 1861 1646 0 1462 2009 1782 1063 1976 1862 2026 1355 1926 
1358 1755 1430 1092 1273 1180 1447 1286 1148 1639 2036 1369 2043 1821 1287 1183 1453 1591 1472 1522 1202 1254 1462 0 1644 1085 1078 1204 1716 1138 1883 1704 
1375 1720 1473 1648 1660 1752 1838 1385 1612 1439 1408 1735 1780 1943 1572 1980 1574 1337 1986 1655 1729 1931 2009 1644 0 1357 1149 1796 1621 1090 1878 1795 
1211 2016 1839 1814 2011 1326 1994 1809 1109 1901 1800 1207 1692 1291 1778 1842 1679 1586 1068 1582 1888 1687 1782 1085 1357 0 1404 1371 2003 1938 1508 1230 
1160 1482 1260 1584 1987 1598 1259 1175 1538 1531 1114 1555 1799 1879 1968 1892 1440 1513 1335 1239 1484 1320 1063 1078 1149 1404 0 1127 1518 1261 1277 1141 
1769 1773 1028 1530 1602 1791 1568 1264 1906 1048 1515 1119 1808 2014 1495 1496 1315 1610 1283 1201 1922 1529 1976 1204 1796 1371 1127 0 1995 2021 1395 1069 
1285 1772 1682 1960 1521 1549 1643 1912 1546 1373 1523 1267 1410 1875 1681 1696 1126 1457 1742 1247 1830 1164 1862 1716 1621 2003 1518 1995 0 1619 1818 1683 
1787 1024 1637 1186 1278 1234 1167 1580 1345 1908 1146 1649 1936 1324 1596 1558 1506 1194 1397 1491 1420 1746 2026 1138 1090 1938 1261 2021 1619 0 1622 1476 
1096 1517 1810 1400 1249 1309 2018 1647 1794 1232 1674 1401 1082 1762 1835 1985 1329 1165 1316 1924 1142 1722 1355 1883 1878 1508 1277 1395 1818 1622 0 1965 
1578 1312 1257 1225 1058 1415 1368 1900 1950 2029 1983 1306 1071 1539 1812 1332 1196 1991 1173 1585 1097 1817 1926 1704 1795 1230 1141 1069 1683 1476 1965 0 
