28
0 1676 7310 3695 2016 3310 4781 7614 8580 5548 8360 4653 1773 4265 1681 4263 5624 7859 4701 3535 1695 1541 2799 8165 3395 4586 5190 5894
1676 0 7326 3711 1898 3192 4797 7630 8596 5430 8376 4669 1789 4281 1697 4279 5640 7875 4583 3417 1711 1423 2815 8181 3411 4468 5206 5776
7310 7326 0 4997 7666 8960 3273 2082 3048 11198 2828 3307 6579 3539 6287 4515 1986 2327 10351 9185 6015 7191 5263 2633 5177 10236 3410 11544
3695 3711 4997 0 4051 5345 2468 5301 6267 7583 6047 2340 2964 1952 2672 1950 3311 5546 6736 5570 2400 3576 1648 5852 1562 6621 2877 7929
2016 1898 7666 4051 0 1720 5137 7970 8936 3958 8716 5009 2129 4621 2037 4619 5980 8215 3111 1945 2051 1595 3155 8521 3751 2996 5546 4304
3310 3192 8960 5345 1720 0 6431 9264 10230 4130 10010 6303 3423 5915 3331 5913 7274 9509 3283 2117 3345 2889 4449 9815 5045 3168 6840 4476
4781 4797 3273 2468 5137 6431 0 3577 4543 8669 4323 778 4050 1010 3758 1986 1587 3822 7822 6656 3486 4662 2734 4128 2648 7707 1153 9015
7614 7630 2082 5301 7970 9264 3577 0 1088 11502 868 3611 6883 3843 6591 4819 2290 915 10655 9489 6319 7495 5567 817 5481 10540 3714 11848
8580 8596 3048 6267 8936 10230 4543 1088 0 12468 912 4577 7849 4809 7557 5785 3256 1881 11621 10455 7285 8461 6533 1783 6447 11506 4680 12814
5548 5430 11198 7583 3958 4130 8669 11502 12468 0 12248 8541 5661 8153 5569 8151 9512 11747 2409 2413 5583 5127 6687 12053 7283 1560 9078 918
8360 8376 2828 6047 8716 10010 4323 868 912 12248 0 4357 7629 4589 7337 5565 3036 1661 11401 10235 7065 8241 6313 1563 6227 11286 4460 12594
4653 4669 3307 2340 5009 6303 778 3611 4577 8541 4357 0 3922 882 3630 1858 1621 3856 7694 6528 3358 4534 2606 4162 2520 7579 1187 8887
1773 1789 6579 2964 2129 3423 4050 6883 7849 5661 7629 3922 0 3534 950 3532 4893 7128 4814 3648 964 1654 2068 7434 2664 4699 4459 6007
4265 4281 3539 1952 4621 5915 1010 3843 4809 8153 4589 882 3534 0 3242 1470 1853 4088 7306 6140 2970 4146 2218 4394 2132 7191 1419 8499
1681 1697 6287 2672 2037 3331 3758 6591 7557 5569 7337 3630 950 3242 0 3240 4601 6836 4722 3556 672 1562 1776 7142 2372 4607 4167 5915
4263 4279 4515 1950 4619 5913 1986 4819 5785 8151 5565 1858 3532 1470 3240 0 2829 5064 7304 6138 2968 4144 2216 5370 2130 7189 2395 8497
5624 5640 1986 3311 5980 7274 1587 2290 3256 9512 3036 1621 4893 1853 4601 2829 0 2535 8665 7499 4329 5505 3577 2841 3491 8550 1724 9858
7859 7875 2327 5546 8215 9509 3822 915 1881 11747 1661 3856 7128 4088 6836 5064 2535 0 10900 9734 6564 7740 5812 1466 5726 10785 3959 12093
4701 4583 10351 6736 3111 3283 7822 10655 11621 2409 11401 7694 4814 7306 4722 7304 8665 10900 0 1566 4736 4280 5840 11206 6436 1447 8231 2755
3535 3417 9185 5570 1945 2117 6656 9489 10455 2413 10235 6528 3648 6140 3556 6138 7499 9734 1566 0 3570 3114 4674 10040 5270 1451 7065 2759
1695 1711 6015 2400 2051 3345 3486 6319 7285 5583 7065 3358 964 2970 672 2968 4329 6564 4736 3570 0 1576 1504 6870 2100 4621 3895 5929
1541 1423 7191 3576 1595 2889 4662 7495 8461 5127 8241 4534 1654 4146 1562 4144 5505 7740 4280 3114 1576 0 2680 8046 3276 4165 5071 5473
2799 2815 5263 1648 3155 4449 2734 5567 6533 6687 6313 2606 2068 2218 1776 2216 3577 5812 5840 4674 1504 2680 0 6118 1348 5725 3143 7033
8165 8181 2633 5852 8521 9815 4128 817 1783 12053 1563 4162 7434 4394 7142 5370 2841 1466 11206 10040 6870 8046 6118 0 6032 11091 4265 12399
3395 3411 5177 1562 3751 5045 2648 5481 6447 7283 6227 2520 2664 2132 2372 2130 3491 5726 6436 5270 2100 3276 1348 6032 0 6321 3057 7629
4586 4468 10236 6621 2996 3168 7707 10540 11506 1560 11286 7579 4699 7191 4607 7189 8550 10785 1447 1451 4621 4165 5725 11091 6321 0 8116 1906
5190 5206 3410 2877 5546 6840 1153 3714 4680 9078 4460 1187 4459 1419 4167 2395 1724 3959 8231 7065 3895 5071 3143 4265 3057 8116 0 9424
5894 5776 11544 7929 4304 4476 9015 11848 12814 918 12594 8887 6007 8499 5915 8497 9858 12093 2755 2759 5929 5473 7033 12399 7629 1906 9424 0
