29
26
0 768 5453 11292 6514 6081 4551 6647 3726 3626 3231 8525 8038 1391 10109 9173 1614 11194 8605 10631 4667 2092 9880 3019 7597 2042 4023 11305 2303
768 0 5377 11216 6438 6005 4601 6571 3650 3676 3155 8449 7962 1315 10033 9097 1538 11118 8529 10555 4591 2016 9804 3069 7521 2092 4073 11229 2353
5453 5377 0 7453 2675 2242 9286 2808 2389 8361 3708 4686 4199 4380 6270 5334 5687 7355 4766 6792 2462 4569 6041 7754 3758 6777 8758 7466 7038
11292 11216 7453 0 6034 6249 15125 5211 8228 14200 9547 3561 3868 10219 2809 3399 11526 1238 3059 2533 8301 10408 2948 13593 4723 12616 14597 437 12877
6514 6438 2675 6034 0 1471 10347 1389 3450 9422 4769 3267 2780 5441 4851 3915 6748 5936 3347 5373 3523 5630 4622 8815 2339 7838 9819 6047 8099
6081 6005 2242 6249 1471 0 9914 1604 3017 8989 4336 3482 2995 5008 5066 4130 6315 6151 3562 5588 3090 5197 4837 8382 2554 7405 9386 6262 7666
4551 4601 9286 15125 10347 9914 0 10480 7559 1457 7064 12358 11871 5224 13942 13006 5447 15027 12438 14464 8500 5925 13713 1898 11430 4193 920 15138 3012
6647 6571 2808 5211 1389 1604 10480 0 3583 9555 4902 2444 1957 5574 4028 3092 6881 5113 2524 4550 3656 5763 3799 8948 1516 7971 9952 5224 8232
3726 3650 2389 8228 3450 3017 7559 3583 0 6634 1981 5461 4974 2653 7045 6109 3960 8130 5541 7567 1603 2842 6816 6027 4533 5050 7031 8241 5311
3626 3676 8361 14200 9422 8989 1457 9555 6634 0 6139 11433 10946 4299 13017 12081 4522 14102 11513 13539 7575 5000 12788 973 10505 3268 929 14213 2087
3231 3155 3708 9547 4769 4336 7064 4902 1981 6139 0 6780 6293 2158 8364 7428 3465 9449 6860 8886 2922 2347 8135 5532 5852 4555 6536 9560 4816
8525 8449 4686 3561 3267 3482 12358 2444 5461 11433 6780 0 1101 7452 2378 1442 8759 3463 874 2900 5534 7641 2149 10826 1956 9849 11830 3574 10110
8038 7962 4199 3868 2780 2995 11871 1957 4974 10946 6293 1101 0 6965 2685 1749 8272 3770 1181 3207 5047 7154 2456 10339 1469 9362 11343 3881 9623
1391 1315 4380 10219 5441 5008 5224 5574 2653 4299 2158 7452 6965 0 9036 8100 1625 10121 7532 9558 3594 1019 8807 3692 6524 2715 4696 10232 2976
10109 10033 6270 2809 4851 5066 13942 4028 7045 13017 8364 2378 2685 9036 0 2216 10343 2711 1876 2148 7118 9225 1765 12410 3540 11433 13414 2822 11694
9173 9097 5334 3399 3915 4130 13006 3092 6109 12081 7428 1442 1749 8100 2216 0 9407 3301 940 2738 6182 8289 1987 11474 2604 10497 12478 3412 10758
1614 1538 5687 11526 6748 6315 5447 6881 3960 4522 3465 8759 8272 1625 10343 9407 0 11428 8839 10865 4901 2326 10114 3915 7831 2938 4919 11539 3199
11194 11118 7355 1238 5936 6151 15027 5113 8130 14102 9449 3463 3770 10121 2711 3301 11428 0 2961 2435 8203 10310 2850 13495 4625 12518 14499 1251 12779
8605 8529 4766 3059 3347 3562 12438 2524 5541 11513 6860 874 1181 7532 1876 940 8839 2961 0 2398 5614 7721 1647 10906 2036 9929 11910 3072 10190
10631 10555 6792 2533 5373 5588 14464 4550 7567 13539 8886 2900 3207 9558 2148 2738 10865 2435 2398 0 7640 9747 2287 12932 4062 11955 13936 2546 12216
4667 4591 2462 8301 3523 3090 8500 3656 1603 7575 2922 5534 5047 3594 7118 6182 4901 8203 5614 7640 0 3783 6889 6968 4606 5991 7972 8314 6252
2092 2016 4569 10408 5630 5197 5925 5763 2842 5000 2347 7641 7154 1019 9225 8289 2326 10310 7721 9747 3783 0 8996 4393 6713 3416 5397 10421 3677
9880 9804 6041 2948 4622 4837 13713 3799 6816 12788 8135 2149 2456 8807 1765 1987 10114 2850 1647 2287 6889 8996 0 12181 3311 11204 13185 2961 11465
3019 3069 7754 13593 8815 8382 1898 8948 6027 973 5532 10826 10339 3692 12410 11474 3915 13495 10906 12932 6968 4393 12181 0 9898 2661 1370 13606 1480
7597 7521 3758 4723 2339 2554 11430 1516 4533 10505 5852 1956 1469 6524 3540 2604 7831 4625 2036 4062 4606 6713 3311 9898 0 8921 10902 4736 9182
2042 2092 6777 12616 7838 7405 4193 7971 5050 3268 4555 9849 9362 2715 11433 10497 2938 12518 9929 11955 5991 3416 11204 2661 8921 0 3665 12629 1945
4023 4073 8758 14597 9819 9386 920 9952 7031 929 6536 11830 11343 4696 13414 12478 4919 14499 11910 13936 7972 5397 13185 1370 10902 3665 0 14610 2484
11305 11229 7466 437 6047 6262 15138 5224 8241 14213 9560 3574 3881 10232 2822 3412 11539 1251 3072 2546 8314 10421 2961 13606 4736 12629 14610 0 12890
2303 2353 7038 12877 8099 7666 3012 8232 5311 2087 4816 10110 9623 2976 11694 10758 3199 12779 10190 12216 6252 3677 11465 1480 9182 1945 2484 12890 0
