27
0 1033 852 1369 1129 749 1013 1136 1095 1107 1394 1148 798 1256 1366 1320 978 1374 1432 794 1279 1193 1146 1123 1420 1200 912 
1033 0 898 758 962 1024 1390 799 949 1102 1031 792 1051 1318 955 1315 1365 1002 1008 1207 1030 945 1217 1296 1314 1096 921 
852 898 0 1044 766 1286 913 990 1167 879 891 1392 1336 1350 1081 1149 982 1106 896 1009 1295 1398 991 804 1233 1344 871 
1369 758 1044 0 989 930 1291 1354 1254 1298 1247 1164 1012 1029 1403 1452 1003 836 1345 961 785 1054 994 1238 1159 1395 988 
1129 962 766 989 0 1168 1333 875 1162 1445 1180 1419 840 1135 986 1317 1139 1245 1097 802 797 911 806 778 741 1289 922 
749 1024 1286 930 1168 0 1450 864 1426 1169 941 759 770 1219 801 923 771 1151 809 1335 1019 733 843 1179 1422 1263 1042 
1013 1390 913 1291 1333 1450 0 1414 1454 1115 1177 746 1370 957 828 1199 1371 850 1163 946 1140 742 939 1083 1020 1252 1055 
1136 799 990 1354 875 864 1414 0 920 869 1026 1266 780 1221 1277 1431 835 1041 947 1218 772 1331 1439 1322 1292 987 793 
1095 949 1167 1254 1162 1426 1454 920 0 860 897 876 1356 953 1004 970 1396 1378 826 884 858 743 1028 845 1443 895 1361 
1107 1102 879 1298 1445 1169 1115 869 860 0 1141 1436 926 1290 762 820 1108 995 1065 942 973 1367 969 1130 1215 1328 1438 
1394 1031 891 1247 1180 941 1177 1026 897 1141 0 968 943 1093 1110 1128 935 1025 815 1417 1036 1269 1048 765 1421 752 1198 
1148 792 1392 1164 1419 759 746 1266 876 1436 968 0 861 1260 1186 1021 1160 1077 1355 892 1178 803 1319 1117 825 1155 1016 
798 1051 1336 1012 840 770 1370 780 1356 926 943 861 0 1181 1293 751 1078 1283 789 821 1351 965 790 1287 827 1208 730 
1256 1318 1350 1029 1135 1219 957 1221 953 1290 1093 1260 1181 0 1052 1240 824 979 1389 1387 818 1433 931 976 1213 1329 902 
1366 955 1081 1403 986 801 828 1277 1004 762 1110 1186 1293 1052 0 1381 1046 1385 1235 782 1211 739 1267 1225 1376 956 1121 
1320 1315 1149 1452 1317 923 1199 1431 970 820 1128 1021 751 1240 1381 0 934 1306 1074 1101 1166 1184 1224 1010 856 1288 813 
978 1365 982 1003 1139 771 1371 835 1396 1108 935 1160 1078 824 1046 934 0 1094 732 866 932 817 1448 1122 1000 774 1281 
1374 1002 1106 836 1245 1151 850 1041 1378 995 1025 1077 1283 979 1385 1306 1094 0 1391 958 776 1187 1308 966 796 734 1161 
1432 1008 896 1345 1097 809 1163 947 826 1065 815 1355 789 1389 1235 1074 732 1391 0 1072 1324 1339 959 1243 1340 737 1382 
794 1207 1009 961 802 1335 946 1218 884 942 1417 892 821 1387 782 1101 866 958 1072 0 1113 832 1358 783 1375 1353 894 
1279 1030 1295 785 797 1019 1140 772 858 973 1036 1178 1351 818 1211 1166 932 776 1324 1113 0 1185 764 952 925 848 1100 
1193 945 1398 1054 911 733 742 1331 743 1367 1269 803 965 1433 739 1184 817 1187 1339 832 1185 0 1196 1202 1201 747 1137 
1146 1217 991 994 806 843 939 1439 1028 969 1048 1319 790 931 1267 1224 1448 1308 959 1358 764 1196 0 873 983 905 1132 
1123 1296 804 1238 778 1179 1083 1322 845 1130 765 1117 1287 976 1225 1010 1122 966 1243 783 952 1202 873 0 899 1158 822 
1420 1314 1233 1159 741 1422 1020 1292 1443 1215 1421 825 827 1213 1376 856 1000 796 1340 1375 925 1201 983 899 0 1425 1120 
1200 1096 1344 1395 1289 1263 1252 987 895 1328 752 1155 1208 1329 956 1288 774 734 737 1353 848 747 905 1158 1425 0 1071 
912 921 871 988 922 1042 1055 793 1361 1438 1198 1016 730 902 1121 813 1281 1161 1382 894 1100 1137 1132 822 1120 1071 0 
