20
0.00 0.55 1.29 1.54 1.69 0.87 1.25 1.00 0.78 0.67 1.02 0.96 1.10 0.95 1.34 1.34 1.53 0.45 1.19 1.20
0.55 0.00 1.03 1.11 1.29 0.92 1.26 0.47 1.55 0.81 0.81 1.24 0.78 1.10 1.47 1.27 0.93 1.09 0.62 1.04
1.29 1.03 0.00 0.68 0.78 1.37 1.06 1.40 1.31 1.42 0.32 1.08 1.01 1.62 1.37 1.69 0.84 1.02 0.93 1.16
1.54 1.11 0.68 0.00 0.58 1.21 1.06 1.29 1.45 1.13 1.10 1.59 0.95 0.89 0.98 0.89 0.79 1.28 1.10 1.00
1.69 1.29 0.78 0.58 0.00 1.39 0.62 0.87 0.93 1.15 1.33 0.82 0.75 0.78 0.37 0.81 0.33 1.67 1.11 1.00
0.87 0.92 1.37 1.21 1.39 0.00 1.57 1.13 1.34 1.16 0.93 0.91 1.19 1.37 1.21 0.68 1.24 0.78 0.84 1.12
1.25 1.26 1.06 1.06 0.62 1.57 0.00 0.76 0.56 0.97 1.17 0.66 1.29 0.50 0.56 1.13 0.72 1.47 1.00 0.33
1.00 0.47 1.40 1.29 0.87 1.13 0.76 0.00 1.14 0.46 1.31 1.08 0.62 0.74 0.76 0.70 0.46 1.34 0.66 0.62
0.78 1.55 1.31 1.45 0.93 1.34 0.56 1.14 0.00 0.98 1.34 0.44 1.11 0.47 0.49 0.93 1.27 0.87 1.43 1.09
0.67 0.81 1.42 1.13 1.15 1.16 0.97 0.46 0.98 0.00 1.60 1.49 0.69 0.80 0.84 0.73 0.78 0.77 1.12 0.70
1.02 0.81 0.32 1.10 1.33 0.93 1.17 1.31 1.34 1.60 0.00 0.94 1.37 1.68 1.56 1.69 1.11 0.76 0.81 1.02
0.96 1.24 1.08 1.59 0.82 0.91 0.66 1.08 0.44 1.49 0.94 0.00 1.06 0.91 0.84 1.07 1.21 1.33 0.82 1.19
1.10 0.78 1.01 0.95 0.75 1.19 1.29 0.62 1.11 0.69 1.37 1.06 0.00 0.93 1.12 0.60 0.95 1.36 0.54 1.52
0.95 1.10 1.62 0.89 0.78 1.37 0.50 0.74 0.47 0.80 1.68 0.91 0.93 0.00 0.49 0.58 1.08 1.33 1.18 0.87
1.34 1.47 1.37 0.98 0.37 1.21 0.56 0.76 0.49 0.84 1.56 0.84 1.12 0.49 0.00 0.57 0.44 1.15 1.57 0.76
1.34 1.27 1.69 0.89 0.81 0.68 1.13 0.70 0.93 0.73 1.69 1.07 0.60 0.58 0.57 0.00 0.92 1.23 0.89 1.05
1.53 0.93 0.84 0.79 0.33 1.24 0.72 0.46 1.27 0.78 1.11 1.21 0.95 1.08 0.44 0.92 0.00 1.31 1.14 0.57
0.45 1.09 1.02 1.28 1.67 0.78 1.47 1.34 0.87 0.77 0.76 1.33 1.36 1.33 1.15 1.23 1.31 0.00 1.56 1.10
1.19 0.62 0.93 1.10 1.11 0.84 1.00 0.66 1.43 1.12 0.81 0.82 0.54 1.18 1.57 0.89 1.14 1.56 0.00 0.99
1.20 1.04 1.16 1.00 1.00 1.12 0.33 0.62 1.09 0.70 1.02 1.19 1.52 0.87 0.76 1.05 0.57 1.10 0.99 0.00
